0 1 0.8
0 2 1.6
0 18 1.6
0 19 1.79
1 2 0.8
1 3 1.6
1 18 1.79
1 19 1.6
1 20 1.79
2 3 0.8
2 19 1.79
2 20 1.6
3 20 1.79
4 5 0.8
4 6 1.6
4 10 0.8
4 11 1.13
4 12 1.79
4 22 1.6
5 6 0.8
5 10 1.13
5 11 0.8
5 12 1.13
5 13 1.79
5 22 1.79
5 23 1.79
6 10 1.79
6 11 1.13
6 12 0.8
6 13 1.13
6 14 1.79
6 23 1.6
7 8 0.8
7 9 1.6
7 18 0.8
7 19 1.13
7 20 1.79
7 26 1.79
8 9 0.8
8 18 1.13
8 19 0.8
8 20 1.13
8 21 1.79
8 26 1.6
8 27 1.79
9 18 1.79
9 19 1.13
9 20 0.8
9 21 1.13
9 26 1.79
9 27 1.6
10 11 0.8
10 12 1.6
10 22 0.8
10 28 1.6
10 29 1.79
11 12 0.8
11 13 1.6
11 22 1.13
11 28 1.79
12 13 0.8
12 14 1.6
12 22 1.79
12 23 0.8
12 30 1.6
13 14 0.8
13 15 1.6
13 23 1.13
13 24 1.79
13 30 1.79
14 15 0.8
14 16 1.6
14 23 1.79
14 24 1.13
14 31 1.79
15 16 0.8
15 17 1.6
15 24 0.8
15 25 1.79
15 31 1.6
16 17 0.8
16 24 1.13
16 25 1.13
17 24 1.79
17 25 0.8
17 33 1.6
18 19 0.8
18 20 1.6
18 27 1.79
19 20 0.8
19 21 1.6
19 26 0.8
19 27 1.13
19 34 1.6
19 35 1.79
20 21 0.8
20 22 1.6
20 26 1.13
20 27 0.8
20 34 1.79
20 35 1.6
21 22 0.8
21 26 1.79
21 28 1.13
21 29 1.79
22 28 0.8
22 29 1.13
22 36 1.79
23 30 0.8
23 37 1.6
23 38 1.79
24 31 0.8
24 40 1.79
25 33 0.8
25 40 1.79
25 41 1.6
26 27 0.8
26 34 0.8
26 35 1.13
26 36 1.79
26 42 1.6
26 43 1.79
27 34 1.13
27 35 0.8
27 42 1.79
27 43 1.6
27 44 1.79
28 29 0.8
28 30 1.6
28 35 1.79
28 36 1.13
29 30 0.8
29 37 1.13
29 38 1.79
30 37 0.8
30 38 1.13
31 32 0.8
31 33 1.6
31 39 1.13
31 40 1.13
31 41 1.79
31 48 1.79
32 33 0.8
32 39 1.79
32 40 0.8
32 41 1.13
32 48 1.6
32 49 1.79
33 40 1.13
33 41 0.8
33 48 1.79
33 49 1.6
34 35 0.8
34 36 1.6
34 42 0.8
34 43 1.13
34 44 1.79
34 51 1.6
34 52 1.79
35 36 0.8
35 42 1.13
35 43 0.8
35 44 1.13
35 51 1.79
35 52 1.6
36 42 1.79
36 43 1.13
36 44 0.8
36 53 1.79
37 38 0.8
37 39 1.6
37 54 1.79
38 39 0.8
38 45 1.79
39 46 0.8
40 41 0.8
40 48 0.8
40 49 1.13
40 58 1.79
41 47 1.79
41 48 1.13
41 49 0.8
41 58 1.6
42 43 0.8
42 51 0.8
42 52 1.13
42 60 1.6
43 51 1.13
43 52 0.8
43 60 1.79
44 53 1.13
44 54 1.79
44 62 1.79
45 53 1.13
45 54 0.8
45 55 1.13
45 62 1.79
45 63 1.79
46 47 0.8
46 48 1.6
46 66 1.79
47 48 0.8
47 49 1.6
47 56 1.13
47 65 1.79
48 49 0.8
49 58 0.8
49 68 1.6
50 51 0.8
50 52 1.6
50 59 0.8
50 60 1.13
50 69 1.6
50 70 1.79
51 52 0.8
51 59 1.13
51 60 0.8
51 61 1.79
51 69 1.79
51 70 1.6
52 59 1.79
52 60 1.13
52 61 1.13
52 62 1.79
52 72 1.79
53 54 0.8
53 55 1.6
53 61 1.13
53 62 0.8
53 72 1.79
53 73 1.6
54 55 0.8
54 61 1.79
54 64 1.79
55 63 0.8
55 64 1.13
55 74 1.6
56 64 1.13
56 65 0.8
56 66 1.13
56 75 1.6
56 76 1.79
58 68 0.8
59 60 0.8
59 69 0.8
59 70 1.13
60 69 1.13
60 70 0.8
60 79 1.79
61 62 0.8
61 72 0.8
61 73 1.13
61 79 1.79
61 80 1.6
61 81 1.79
62 71 1.79
62 72 1.13
62 73 0.8
62 80 1.79
62 81 1.6
63 64 0.8
63 65 1.6
63 74 0.8
63 83 1.6
64 65 0.8
64 66 1.6
64 75 1.13
64 76 1.79
65 66 0.8
65 75 0.8
65 76 1.13
65 77 1.79
66 75 1.13
66 76 0.8
66 77 1.13
66 84 1.6
66 85 1.79
67 68 0.8
67 75 1.79
67 76 1.13
67 77 0.8
67 84 1.79
67 85 1.6
67 86 1.79
68 76 1.79
68 77 1.13
68 85 1.79
69 70 0.8
69 71 1.6
70 71 0.8
70 72 1.6
70 79 1.13
70 80 1.79
70 87 1.79
71 72 0.8
71 73 1.6
71 79 0.8
71 80 1.13
71 81 1.79
71 87 1.6
72 73 0.8
72 79 1.13
72 80 0.8
72 81 1.13
72 82 1.79
72 87 1.79
73 79 1.79
73 80 1.13
73 81 0.8
73 89 1.79
74 83 0.8
74 89 1.79
75 76 0.8
75 77 1.6
75 83 1.79
75 85 1.79
76 77 0.8
76 84 0.8
76 85 1.13
76 86 1.79
76 91 1.6
76 92 1.79
77 84 1.13
77 85 0.8
77 86 1.13
77 91 1.79
77 92 1.6
77 93 1.79
79 80 0.8
79 81 1.6
79 87 0.8
79 95 1.79
79 96 1.79
80 81 0.8
80 82 1.6
80 87 1.13
81 82 0.8
81 83 1.6
81 87 1.79
82 83 0.8
82 89 0.8
82 97 1.6
84 85 0.8
84 86 1.6
84 91 0.8
84 92 1.13
84 93 1.79
84 100 1.79
84 101 1.6
85 86 0.8
85 90 1.79
85 91 1.13
85 92 0.8
85 93 1.13
85 101 1.79
86 91 1.79
86 92 1.13
86 93 0.8
87 94 1.79
87 95 1.13
87 96 1.13
87 103 1.79
89 97 0.8
89 98 1.13
89 107 1.6
89 108 1.79
90 91 0.8
90 92 1.6
90 99 1.13
90 100 0.8
90 101 1.13
90 109 1.79
90 110 1.6
90 111 1.79
91 92 0.8
91 93 1.6
91 99 1.79
91 100 1.13
91 101 0.8
91 110 1.79
91 111 1.6
92 93 0.8
92 100 1.79
92 101 1.13
92 111 1.79
93 101 1.79
94 95 0.8
94 102 0.8
94 103 1.13
94 104 1.79
95 102 1.13
95 103 0.8
95 104 1.13
96 105 0.8
97 98 0.8
97 99 1.6
97 105 1.79
97 106 1.13
97 107 0.8
97 108 1.13
97 109 1.79
98 99 0.8
98 100 1.6
98 106 1.79
98 107 1.13
98 108 0.8
98 109 1.13
98 110 1.79
99 100 0.8
99 101 1.6
99 107 1.79
99 108 1.13
99 109 0.8
99 110 1.13
99 111 1.79
100 101 0.8
100 108 1.79
100 109 1.13
100 110 0.8
100 111 1.13
101 109 1.79
101 110 1.13
101 111 0.8
102 103 0.8
102 104 1.6
103 104 0.8
103 105 1.6
104 105 0.8
104 106 1.6
105 106 0.8
105 107 1.6
106 107 0.8
106 108 1.6
107 108 0.8
107 109 1.6
108 109 0.8
108 110 1.6
109 110 0.8
109 111 1.6
110 111 0.8
107 112 1
108 112 1
11 113 1
12 113 1