positive\1648095034.4965105.jpg 1 146 265 21 16
positive\1648095037.178848.jpg 1 388 265 24 16
positive\1648095039.4024441.jpg 1 152 274 36 29
positive\1648095042.1863482.jpg 1 402 273 36 29
positive\1648095047.0854113.jpg 1 100 274 29 28
positive\1648095049.7837024.jpg 1 322 272 28 27
positive\1648095056.4627757.jpg 1 279 298 77 69
positive\1648095057.2713065.jpg 1 285 291 63 58
positive\1648095057.9978309.jpg 1 155 291 59 57
positive\1648095060.7753153.jpg 1 398 285 53 43
positive\1648095071.8868477.jpg 1 205 265 21 18
positive\1648095074.1958294.jpg 1 278 264 20 17
positive\1648095075.5778458.jpg 1 185 264 19 15
positive\1648095078.0872834.jpg 1 317 264 20 16
