positive/1648095034.4965105.jpg 1 146 266 21 17
positive/1648095037.178848.jpg 1 388 265 24 17
positive/1648095039.4024441.jpg 1 152 274 37 29
positive/1648095042.1863482.jpg 1 402 273 37 29
positive/1648095047.0854113.jpg 1 101 274 29 30
positive/1648095049.7837024.jpg 1 320 272 31 27
positive/1648095056.4627757.jpg 1 280 299 77 67
positive/1648095057.2713065.jpg 1 285 291 63 57
positive/1648095057.9978309.jpg 1 155 291 60 57
positive/1648095060.7753153.jpg 1 398 285 54 44
positive/1648095071.8868477.jpg 1 205 265 22 18
positive/1648095074.1958294.jpg 1 279 265 20 16
positive/1648095075.5778458.jpg 1 184 264 21 17
positive/1648095078.0872834.jpg 1 316 263 22 16
positive/1648139642.6853194.jpg 1 231 273 27 27
positive/1648139644.0650604.jpg 1 82 274 29 28
positive/1648139647.8919683.jpg 1 133 295 58 64
positive/1648139649.6011121.jpg 1 348 296 69 66
positive/1648139651.490454.jpg 1 411 294 65 60
positive/1648139657.9396124.jpg 1 379 265 24 18
positive/1648139658.666757.jpg 1 286 264 24 18
positive/1648139659.66344.jpg 1 324 265 22 17
positive/1648139660.6966302.jpg 1 150 274 39 30
positive/1648139663.8932154.jpg 1 402 273 40 30
positive/1648139668.3407.jpg 1 334 273 29 28
positive/1648139669.3948953.jpg 1 197 271 26 29
positive/1648139673.4746392.jpg 1 167 294 61 63
positive/1648139675.0989468.jpg 1 121 295 60 62
positive/1648139677.0617857.jpg 1 373 292 63 56
positive/1648139683.672468.jpg 1 164 265 23 17
positive/1648139685.6603146.jpg 1 301 264 23 18
positive/1648139687.1155698.jpg 1 315 264 22 17
positive/1648139688.9114163.jpg 1 152 273 36 30
positive/1648139690.8207662.jpg 1 280 274 37 29
positive/1648139691.9199655.jpg 1 379 273 36 28
positive/1648139696.6383164.jpg 1 123 273 30 31
positive/1648139698.739714.jpg 1 361 273 34 29
positive/1648139700.2969873.jpg 1 227 272 27 27
positive/1648139707.1027193.jpg 1 296 290 65 58
positive/1648139707.8963706.jpg 1 163 291 59 57
positive/1648139710.5688474.jpg 1 369 286 59 50
positive/1648139722.1199176.jpg 1 217 265 21 18
positive/1648139723.1435952.jpg 1 45 265 22 18
positive/1648139725.0734155.jpg 1 265 264 20 16
positive/1648139727.1647928.jpg 1 497 265 14 18
positive/1648139730.0948267.jpg 1 145 275 37 32
positive/1648139731.6231208.jpg 2 433 262 23 18 0 275 29 33
positive/1648139732.9713764.jpg 1 201 272 31 26
positive/1648139734.7562163.jpg 1 397 271 32 29
positive/1648139736.4125297.jpg 1 234 269 27 24
positive/1648139738.6679442.jpg 1 305 268 28 23
positive/1648139741.2244132.jpg 1 368 267 27 22
positive/1648139744.2254763.jpg 1 435 267 26 20
positive/1648139750.5693388.jpg 1 200 273 35 27
positive/1648139753.1257775.jpg 1 266 270 30 25
positive/1648139755.7147381.jpg 1 305 269 27 22
positive/1648139758.9548812.jpg 1 157 267 25 20
positive/1648139762.2554798.jpg 2 161 265 25 19 406 299 69 76
positive/1648139764.1632442.jpg 2 328 293 62 62 144 265 23 17
positive/1648139766.6466606.jpg 2 284 283 48 48 145 264 22 16
positive/1648139768.0249152.jpg 2 267 264 19 16 439 285 52 47
positive/1648139769.9510643.jpg 3 146 264 18 13 254 275 36 33 471 262 20 15
positive/1648139774.3213332.jpg 3 81 262 20 15 164 271 34 28 377 261 16 13
positive/1648139776.9835181.jpg 3 36 262 20 14 116 270 30 23 322 262 14 10
positive/1648139781.2034543.jpg 3 154 261 17 13 234 267 24 21 412 260 17 13
positive/1648139783.2193177.jpg 2 171 260 15 12 430 261 15 12
positive/1648139785.2191753.jpg 2 105 260 16 12 346 259 15 14
positive/1648139787.5725951.jpg 2 8 259 18 12 257 260 14 11
positive/1648139789.8670373.jpg 1 230 260 13 11
positive/1648140237.591133.jpg 2 271 271 22 22 347 262 16 14
positive/1648140237.7666638.jpg 2 269 270 25 24 347 262 17 15
positive/1648140243.7627492.jpg 2 50 269 31 23 234 262 15 14
positive/1648140252.0074515.jpg 2 122 262 13 11 367 263 20 18
positive/1648140252.2719977.jpg 2 121 261 14 12 367 264 20 16
positive/1648140257.1696308.jpg 1 269 303 82 79
positive/1648140260.1666605.jpg 1 18 315 103 99
positive/1648140263.065174.jpg 1 214 284 43 44
positive/1648140266.5687287.jpg 1 171 267 21 20
positive/1648140271.268114.jpg 1 266 301 78 74
positive/1648140275.7004287.jpg 2 3 261 20 13 218 263 21 18
positive/1648140280.922434.jpg 1 48 300 86 69
positive/1648140283.9639385.jpg 1 416 303 77 84
positive/1648140287.8655975.jpg 2 106 262 16 15 468 267 25 23
positive/1648140292.0981505.jpg 2 67 291 67 58 309 265 23 19
positive/1648140300.624694.jpg 1 41 265 29 22
positive/1648140303.7902138.jpg 1 337 267 27 23
positive/1648140307.8064737.jpg 2 275 262 21 15 297 297 71 73
positive/1648140311.181087.jpg 2 185 267 25 23 424 261 17 14
positive/1648140316.8231452.jpg 1 93 342 145 155
positive/1648140320.2501624.jpg 1 288 343 143 167
positive/1648140325.2406468.jpg 2 181 271 31 28 475 262 21 17
positive/1648140332.6217375.jpg 3 35 262 21 16 256 268 25 22 288 259 16 15
positive/1648140336.0299392.jpg 3 158 263 18 17 379 260 17 12 468 269 26 23
positive/1648140336.9466188.jpg 3 158 262 19 17 379 259 16 14 467 269 27 24
positive/1648140345.7957933.jpg 2 27 264 23 19 483 267 27 22
positive/1648140349.4701262.jpg 1 224 309 82 88
positive/1648140399.32187.jpg 1 52 306 96 80
positive/1648140400.1470346.jpg 1 52 305 95 81
positive/1648140406.0042365.jpg 1 95 275 43 34
positive/1648140406.5341148.jpg 1 94 275 44 33
positive/1648140409.4304798.jpg 1 296 277 48 39
positive/1648140419.604195.jpg 3 65 264 22 17 324 272 34 30 362 260 18 14
positive/1648140434.2175698.jpg 2 149 270 25 24 335 262 15 15
positive/1648140437.1029115.jpg 1 168 272 35 31
positive/1648140441.0226958.jpg 2 358 283 57 47 486 266 25 18
positive/1648140476.7039373.jpg 1 134 273 31 29
positive/1648140579.861057.jpg 1 149 273 31 31
positive/1648140589.5126038.jpg 1 93 262 19 17
positive/1648140593.6664836.jpg 1 342 295 69 70
positive/1648140597.1530907.jpg 1 116 292 73 63
positive/1648140600.7037606.jpg 1 71 295 63 60
positive/1648140604.0911186.jpg 2 173 292 52 59 353 264 23 18
positive/1648140617.4809577.jpg 2 177 261 15 14 483 264 22 20
positive/1648140620.9095275.jpg 2 85 262 17 15 413 267 27 23
positive/1648140645.1949866.jpg 2 234 268 23 23 353 261 18 15
positive/1648140650.5282907.jpg 2 252 262 18 14 0 271 26 25
positive/1648140653.8619032.jpg 2 53 263 20 16 391 272 34 32
positive/1648140656.9319618.jpg 1 165 275 39 33
positive/1648140662.1389277.jpg 2 252 267 23 21 363 261 17 14
positive/1648140666.1099613.jpg 1 225 296 73 65
