positive_new\1650654403.7315753.jpg 1 171 279 46 37
positive_new\1650654415.2523198.jpg 1 279 280 66 52
positive_new\1650654417.454705.jpg 1 153 282 59 49
positive_new\1650654420.864801.jpg 1 172 271 43 36
positive_new\1650654423.448253.jpg 1 283 270 44 41
positive_new\1650654429.450614.jpg 1 193 267 33 26
positive_new\1650654431.8820398.jpg 1 269 267 44 35
positive_new\1650654434.302963.jpg 1 128 274 52 43
positive_new\1650654436.8752375.jpg 1 157 284 71 60
positive_new\1650654441.793598.jpg 1 131 280 57 40
positive_new\1650654444.0463443.jpg 1 339 281 62 51
positive_new\1650654446.4437628.jpg 1 209 266 40 31
positive_new\1650654452.5598333.jpg 1 96 271 47 37
positive_new\1650654455.0767732.jpg 1 196 280 60 48
positive_new\1650654457.6032155.jpg 1 335 287 75 64
positive_new\1650654462.895141.jpg 1 336 262 32 29
positive_new\1650654465.4619663.jpg 1 255 267 37 31
positive_new\1650654467.8328817.jpg 1 107 270 47 39
positive_new\1650654470.0527701.jpg 1 220 280 55 46
positive_new\1650654480.8763468.jpg 1 275 262 26 22
positive_new\1650654488.124074.jpg 1 353 272 41 32
positive_new\1650654490.900873.jpg 1 298 276 50 44
positive_new\1650654498.5631447.jpg 1 359 266 34 29
positive_new\1650654502.01875.jpg 1 315 277 60 47
positive_new\1650654504.738726.jpg 1 132 324 140 142
positive_new\1650654507.581223.jpg 1 321 265 35 28
positive_new\1650654523.5680134.jpg 1 371 276 53 43
positive_new\1650654526.2414706.jpg 1 217 276 50 42
positive_new\1650654529.2724998.jpg 1 65 277 66 44
