positive/1648227525.9515538.jpg 1 381 298 77 65
positive/1648227528.9790807.jpg 1 264 297 64 67
positive/1648227531.4733698.jpg 1 129 296 71 67
positive/1648227553.9964812.jpg 1 100 279 39 32
positive/1648227556.976502.jpg 1 167 279 36 35
positive/1648227559.608461.jpg 1 250 277 35 36
positive/1648227562.095895.jpg 1 330 278 38 35
positive/1648227565.0781476.jpg 1 436 276 41 33
positive/1648227568.2728896.jpg 1 396 270 29 24
positive/1648227571.0665922.jpg 1 353 268 27 25
positive/1648227573.9049318.jpg 1 294 269 27 25
positive/1648227576.495383.jpg 1 233 270 24 26
positive/1648227579.3708851.jpg 1 153 269 29 29
positive/1648227582.5329022.jpg 1 91 272 32 26
positive/1648227587.0157933.jpg 1 111 266 28 25
positive/1648227589.949305.jpg 1 144 267 27 23
positive/1648227592.913812.jpg 1 226 265 24 25
positive/1648227595.5647738.jpg 1 290 266 25 22
positive/1648227598.5401046.jpg 1 345 265 27 22
positive/1648227601.5135534.jpg 1 421 266 28 23
positive/1648227609.480065.jpg 1 26 267 32 27
positive/1648227612.8501527.jpg 1 403 273 38 32
positive/1648227619.4309914.jpg 2 307 273 33 28 403 274 39 31
positive/1648227626.705704.jpg 2 201 288 49 53 378 295 75 63
positive/1648227630.3949158.jpg 2 164 279 39 39 287 283 46 44
positive/1648227633.308421.jpg 2 200 272 27 25 279 272 30 27
positive/1648227636.270779.jpg 2 138 269 32 29 216 272 28 29
positive/1648227641.7512307.jpg 2 5 275 45 35 95 277 43 39
positive/1648227648.4007585.jpg 3 143 262 19 14 177 262 16 15 455 270 39 29
positive/1648227650.694578.jpg 3 145 262 16 14 176 261 18 16 455 268 39 33
positive/1648227657.4250824.jpg 3 51 261 23 18 86 262 21 18 329 277 43 37
positive/1648227657.7796433.jpg 3 52 263 21 15 85 262 23 17 329 277 42 39
positive/1648227664.0587382.jpg 2 51 294 74 67 262 303 82 84
positive/1648227673.174316.jpg 1 123 270 33 27
positive/1648227676.8789158.jpg 1 70 300 78 72
positive/1648227683.7443733.jpg 1 295 325 151 145
positive/1648227688.6101832.jpg 1 83 308 89 85
positive/1648227691.4481766.jpg 1 152 268 36 29
positive/1648227694.01057.jpg 1 259 267 36 30
positive/1648227697.9967623.jpg 3 143 259 17 14 132 288 58 55 307 287 62 52
positive/1648227701.369293.jpg 2 108 261 16 12 122 294 69 61
positive/1648227707.8432453.jpg 4 4 264 21 18 222 259 14 12 386 269 33 26 460 269 34 26
positive/1648227708.1858044.jpg 4 5 263 20 19 222 259 13 10 385 269 34 27 460 269 34 27
positive/1648227745.7244031.jpg 3 133 260 17 14 112 309 97 92 388 305 110 90
positive/1648227745.8844306.jpg 3 132 259 18 16 109 308 99 93 393 305 101 89
positive/1648227749.8781266.jpg 2 74 258 19 15 13 281 52 45
positive/1648227749.9716432.jpg 2 77 259 15 13 14 282 49 44
positive/1648227753.3402307.jpg 1 88 306 97 88
positive/1648227753.5092602.jpg 1 91 305 93 89
positive/1648227756.2032301.jpg 1 268 280 56 45
positive/1648227756.377761.jpg 1 268 280 54 46
positive/1648227758.9902163.jpg 1 205 265 31 24
positive/1648227759.1667469.jpg 1 207 265 28 24
positive/1648227769.4813862.jpg 2 175 297 70 64 377 273 23 19
positive/1648227769.6594176.jpg 2 375 273 26 20 174 295 69 63
positive/1648227782.4488707.jpg 3 20 315 111 111 350 311 126 110 149 259 15 15
positive/1648227782.6189003.jpg 3 147 260 17 16 24 316 111 109 351 313 125 108
positive/1648227792.6066475.jpg 3 293 263 20 15 66 285 59 43 35 299 80 67
positive/1648227792.7746768.jpg 3 67 283 58 49 291 262 25 16 35 299 82 68
positive/1648227792.942706.jpg 3 67 283 59 47 34 298 84 69 290 261 25 19
positive/1648227795.9072227.jpg 3 266 285 64 54 344 304 94 80 353 262 27 20
positive/1648227795.9922378.jpg 3 354 262 24 19 265 285 67 53 344 302 93 82
positive/1648227798.9612563.jpg 1 179 306 100 88
positive/1648227806.2583756.jpg 1 36 290 66 57
positive/1648227808.7098029.jpg 1 207 278 50 41
positive/1648227811.38927.jpg 1 345 277 52 48
positive/1648227815.6380222.jpg 1 348 314 130 117
positive/1648227819.6172163.jpg 2 376 288 70 59 405 261 26 21
positive/1648227823.0391197.jpg 1 222 310 114 104
positive/1648227826.258181.jpg 1 18 306 93 80
positive/1648227829.6382074.jpg 1 255 270 41 35
positive/1648227832.762926.jpg 3 86 280 49 39 104 274 38 30 293 262 20 15
positive/1648227872.7388985.jpg 3 198 282 54 42 188 274 43 35 327 261 20 15
positive/1648227875.4193656.jpg 3 280 277 45 35 322 285 62 46 363 261 20 16
positive/1648227879.076004.jpg 1 154 279 52 43
positive/1648227882.440015.jpg 1 245 297 86 74
positive/1648227885.8658218.jpg 1 86 279 50 40
positive/1648227890.70238.jpg 3 226 291 71 58 282 317 125 110 354 262 25 18
positive/1648227893.9159408.jpg 1 142 301 89 79
positive/1648227896.4458811.jpg 1 131 333 159 152
positive/1648227901.6886322.jpg 2 44 261 23 17 467 263 27 22
positive/1648227901.8606617.jpg 2 44 262 23 16 466 266 28 20
positive/1648227906.74502.jpg 1 332 298 94 85
positive/1648227906.9145432.jpg 1 334 298 93 86
positive/1648227909.9909914.jpg 1 126 275 46 42
positive/1648227910.1590214.jpg 1 125 275 46 39
positive/1648227914.0343115.jpg 1 187 263 27 21
positive/1648227914.2033408.jpg 1 187 262 27 23
positive/1648227916.9513206.jpg 1 200 273 44 36
positive/1648227917.1153483.jpg 1 197 274 47 34
positive/1648227919.9497879.jpg 1 321 272 39 31
positive/1648227920.1223178.jpg 1 321 272 41 33
positive/1648227923.0373266.jpg 1 409 277 51 42
positive/1648227923.1228414.jpg 1 408 278 52 42
positive/1648227926.476123.jpg 1 85 275 43 37
positive/1648227926.6346514.jpg 1 85 275 45 37
positive/1648227942.2761595.jpg 3 82 259 17 16 77 291 70 58 269 287 64 58
positive/1648227942.447689.jpg 3 81 260 19 14 79 290 67 58 268 288 66 56
positive/1648227945.7237604.jpg 1 282 261 18 15
positive/1648227945.8107765.jpg 1 282 260 19 17
positive/1648228130.1245475.jpg 2 295 338 183 173 380 263 22 19
positive/1648228130.2860749.jpg 2 380 263 24 18 293 344 182 166
positive/1648228133.5836506.jpg 2 154 315 122 113 355 260 24 22
positive/1648228133.7466793.jpg 2 154 318 119 109 355 261 25 18
positive/1648228138.390571.jpg 3 63 259 17 16 51 294 81 66 241 288 71 58
positive/1648228138.5515974.jpg 3 62 259 18 16 51 295 77 62 243 289 70 57
positive/1648228142.4810102.jpg 3 75 261 17 13 155 300 91 79 368 296 82 68
positive/1648228142.6470394.jpg 3 73 260 19 14 155 301 90 77 369 295 80 73
positive/1648228145.4413903.jpg 2 93 259 21 17 372 312 111 105
positive/1648228145.6104193.jpg 2 92 259 26 17 371 309 114 108
positive/1648228150.1974323.jpg 1 190 313 115 107
positive/1648228150.359961.jpg 1 192 314 117 105
positive/1648228153.0027537.jpg 1 3 321 128 118
positive/1648228153.1612825.jpg 1 2 321 131 120
positive/1648228156.2856948.jpg 1 259 305 103 92
positive/1648228156.4642262.jpg 1 257 305 107 92
positive/1648228160.2013783.jpg 1 378 294 85 75
positive/1648228160.3674068.jpg 1 378 295 84 75
positive/1648228176.2712433.jpg 3 73 259 16 15 105 281 55 43 193 278 49 44
positive/1648228176.353257.jpg 3 73 260 18 14 106 281 56 45 190 279 53 42
